307
0 3
int 2 2
void 2 3
{ 2 1
1 11
( 3 19
; 3 19
id 3 19
if 3 19
int 3 19
num 3 19
return 3 19
void 3 19
while 3 19
{ 3 19
} 3 19
2 1
id 3 7
3 1
id 3 8
4 4
# 3 10
int 3 10
void 3 10
{ 3 10
5 4
# 3 2
int 3 2
void 3 2
{ 3 2
6 4
# 1 0
int 2 2
void 2 3
{ 2 1
7 4
# 3 4
int 3 4
void 3 4
{ 3 4
8 1
id 2 12
9 4
# 3 3
int 3 3
void 3 3
{ 3 3
10 11
( 3 21
; 3 21
id 3 21
if 3 21
int 2 2
num 3 21
return 3 21
void 2 3
while 3 21
{ 3 21
} 3 21
11 4
# 3 1
int 3 1
void 3 1
{ 3 1
12 3
( 2 17
; 2 18
[ 2 16
13 9
( 2 19
; 2 22
id 2 23
if 2 24
num 2 25
return 2 27
while 2 26
{ 2 20
} 2 21
14 1
id 2 41
15 11
( 3 18
; 3 18
id 3 18
if 3 18
int 3 18
num 3 18
return 3 18
void 3 18
while 3 18
{ 3 18
} 3 18
16 1
num 2 42
17 2
int 2 2
void 2 43
18 4
# 3 5
int 3 5
void 3 5
{ 3 5
19 3
( 2 48
id 2 49
num 2 50
20 11
( 3 19
; 3 19
id 3 19
if 3 19
int 3 19
num 3 19
return 3 19
void 3 19
while 3 19
{ 3 19
} 3 19
21 4
# 3 17
int 3 17
void 3 17
{ 3 17
22 9
( 3 33
; 3 33
id 3 33
if 3 33
num 3 33
return 3 33
while 3 33
{ 3 33
} 3 33
23 14
!= 3 39
( 2 60
* 3 39
+ 3 39
- 3 39
/ 3 39
; 3 39
< 3 39
<= 3 39
= 3 39
== 3 39
> 3 39
>= 3 39
[ 2 59
24 1
( 2 61
25 11
!= 3 60
* 3 60
+ 3 60
- 3 60
/ 3 60
; 3 60
< 3 60
<= 3 60
== 3 60
> 3 60
>= 3 60
26 1
( 2 62
27 4
( 2 19
; 2 63
id 2 23
num 2 25
28 9
!= 2 71
+ 2 65
- 2 72
; 3 42
< 2 66
<= 2 68
== 2 70
> 2 67
>= 2 69
29 11
!= 3 59
* 3 59
+ 3 59
- 3 59
/ 3 59
; 3 59
< 3 59
<= 3 59
== 3 59
> 3 59
>= 3 59
30 9
( 3 25
; 3 25
id 3 25
if 3 25
num 3 25
return 3 25
while 3 25
{ 3 25
} 3 25
31 1
; 2 75
32 9
( 3 24
; 3 24
id 3 24
if 3 24
num 3 24
return 3 24
while 3 24
{ 3 24
} 3 24
33 11
!= 3 54
* 3 54
+ 3 54
- 3 54
/ 3 54
; 3 54
< 3 54
<= 3 54
== 3 54
> 3 54
>= 3 54
34 9
( 3 28
; 3 28
id 3 28
if 3 28
num 3 28
return 3 28
while 3 28
{ 3 28
} 3 28
35 9
( 3 26
; 3 26
id 3 26
if 3 26
num 3 26
return 3 26
while 3 26
{ 3 26
} 3 26
36 9
( 3 20
; 3 20
id 3 20
if 3 20
num 3 20
return 3 20
while 3 20
{ 3 20
} 3 20
37 9
( 3 27
; 3 27
id 3 27
if 3 27
num 3 27
return 3 27
while 3 27
{ 3 27
} 3 27
38 1
; 3 38
39 11
!= 3 50
* 2 76
+ 3 50
- 3 50
/ 2 77
; 3 50
< 3 50
<= 3 50
== 3 50
> 3 50
>= 3 50
40 12
!= 3 58
* 3 58
+ 3 58
- 3 58
/ 3 58
; 3 58
< 3 58
<= 3 58
= 2 79
== 3 58
> 3 58
>= 3 58
41 2
; 2 81
[ 2 80
42 1
] 2 82
43 2
) 3 12
id 3 8
44 2
) 3 14
, 3 14
45 2
) 3 11
, 2 83
46 1
) 2 84
47 1
id 2 85
48 3
( 2 48
id 2 49
num 2 50
49 14
!= 3 39
( 2 88
) 3 39
* 3 39
+ 3 39
- 3 39
/ 3 39
< 3 39
<= 3 39
= 3 39
== 3 39
> 3 39
>= 3 39
[ 2 87
50 11
!= 3 60
) 3 60
* 3 60
+ 3 60
- 3 60
/ 3 60
< 3 60
<= 3 60
== 3 60
> 3 60
>= 3 60
51 9
!= 2 71
) 3 42
+ 2 65
- 2 72
< 2 66
<= 2 68
== 2 70
> 2 67
>= 2 69
52 11
!= 3 59
) 3 59
* 3 59
+ 3 59
- 3 59
/ 3 59
< 3 59
<= 3 59
== 3 59
> 3 59
>= 3 59
53 1
) 2 91
54 11
!= 3 54
) 3 54
* 3 54
+ 3 54
- 3 54
/ 3 54
< 3 54
<= 3 54
== 3 54
> 3 54
>= 3 54
55 1
) 3 38
56 11
!= 3 50
) 3 50
* 2 76
+ 3 50
- 3 50
/ 2 77
< 3 50
<= 3 50
== 3 50
> 3 50
>= 3 50
57 12
!= 3 58
) 3 58
* 3 58
+ 3 58
- 3 58
/ 3 58
< 3 58
<= 3 58
= 2 93
== 3 58
> 3 58
>= 3 58
58 11
( 3 21
; 3 21
id 3 21
if 3 21
int 2 2
num 3 21
return 3 21
void 2 3
while 3 21
{ 3 21
} 3 21
59 3
( 2 95
id 2 96
num 2 97
60 4
( 2 105
) 3 63
id 2 106
num 2 107
61 3
( 2 48
id 2 49
num 2 50
62 3
( 2 48
id 2 49
num 2 50
63 9
( 3 35
; 3 35
id 3 35
if 3 35
num 3 35
return 3 35
while 3 35
{ 3 35
} 3 35
64 1
; 2 119
65 3
( 3 51
id 3 51
num 3 51
66 3
( 3 44
id 3 44
num 3 44
67 3
( 3 45
id 3 45
num 3 45
68 3
( 3 43
id 3 43
num 3 43
69 3
( 3 46
id 3 46
num 3 46
70 3
( 3 47
id 3 47
num 3 47
71 3
( 3 48
id 3 48
num 3 48
72 3
( 3 52
id 3 52
num 3 52
73 3
( 2 19
id 2 120
num 2 25
74 3
( 2 123
id 2 124
num 2 125
75 9
( 3 32
; 3 32
id 3 32
if 3 32
num 3 32
return 3 32
while 3 32
{ 3 32
} 3 32
76 3
( 3 55
id 3 55
num 3 55
77 3
( 3 56
id 3 56
num 3 56
78 3
( 2 19
id 2 120
num 2 25
79 3
( 2 19
id 2 23
num 2 25
80 1
num 2 133
81 11
( 3 5
; 3 5
id 3 5
if 3 5
int 3 5
num 3 5
return 3 5
void 3 5
while 3 5
{ 3 5
} 3 5
82 1
; 2 134
83 2
int 2 2
void 2 3
84 4
# 3 9
int 3 9
void 3 9
{ 3 9
85 3
) 3 15
, 3 15
[ 2 136
86 1
) 2 137
87 3
( 2 95
id 2 96
num 2 97
88 4
( 2 105
) 3 63
id 2 106
num 2 107
89 3
( 2 48
id 2 140
num 2 50
90 3
( 2 143
id 2 144
num 2 145
91 11
!= 3 57
* 3 57
+ 3 57
- 3 57
/ 3 57
; 3 57
< 3 57
<= 3 57
== 3 57
> 3 57
>= 3 57
92 3
( 2 48
id 2 140
num 2 50
93 3
( 2 48
id 2 49
num 2 50
94 9
( 2 19
; 2 22
id 2 23
if 2 24
num 2 25
return 2 27
while 2 26
{ 2 20
} 2 153
95 3
( 2 48
id 2 49
num 2 50
96 14
!= 3 39
( 2 156
* 3 39
+ 3 39
- 3 39
/ 3 39
< 3 39
<= 3 39
= 3 39
== 3 39
> 3 39
>= 3 39
[ 2 155
] 3 39
97 11
!= 3 60
* 3 60
+ 3 60
- 3 60
/ 3 60
< 3 60
<= 3 60
== 3 60
> 3 60
>= 3 60
] 3 60
98 9
!= 2 71
+ 2 65
- 2 72
< 2 66
<= 2 68
== 2 70
> 2 67
>= 2 69
] 3 42
99 11
!= 3 59
* 3 59
+ 3 59
- 3 59
/ 3 59
< 3 59
<= 3 59
== 3 59
> 3 59
>= 3 59
] 3 59
100 1
] 2 159
101 11
!= 3 54
* 3 54
+ 3 54
- 3 54
/ 3 54
< 3 54
<= 3 54
== 3 54
> 3 54
>= 3 54
] 3 54
102 1
] 3 38
103 11
!= 3 50
* 2 76
+ 3 50
- 3 50
/ 2 77
< 3 50
<= 3 50
== 3 50
> 3 50
>= 3 50
] 3 50
104 12
!= 3 58
* 3 58
+ 3 58
- 3 58
/ 3 58
< 3 58
<= 3 58
= 2 161
== 3 58
> 3 58
>= 3 58
] 3 58
105 3
( 2 48
id 2 49
num 2 50
106 15
!= 3 39
( 2 164
) 3 39
* 3 39
+ 3 39
, 3 39
- 3 39
/ 3 39
< 3 39
<= 3 39
= 3 39
== 3 39
> 3 39
>= 3 39
[ 2 163
107 12
!= 3 60
) 3 60
* 3 60
+ 3 60
, 3 60
- 3 60
/ 3 60
< 3 60
<= 3 60
== 3 60
> 3 60
>= 3 60
108 10
!= 2 71
) 3 42
+ 2 65
, 3 42
- 2 72
< 2 66
<= 2 68
== 2 70
> 2 67
>= 2 69
109 2
) 3 62
, 2 167
110 1
) 2 168
111 12
!= 3 59
) 3 59
* 3 59
+ 3 59
, 3 59
- 3 59
/ 3 59
< 3 59
<= 3 59
== 3 59
> 3 59
>= 3 59
112 2
) 3 65
, 3 65
113 12
!= 3 54
) 3 54
* 3 54
+ 3 54
, 3 54
- 3 54
/ 3 54
< 3 54
<= 3 54
== 3 54
> 3 54
>= 3 54
114 2
) 3 38
, 3 38
115 12
!= 3 50
) 3 50
* 2 76
+ 3 50
, 3 50
- 3 50
/ 2 77
< 3 50
<= 3 50
== 3 50
> 3 50
>= 3 50
116 13
!= 3 58
) 3 58
* 3 58
+ 3 58
, 3 58
- 3 58
/ 3 58
< 3 58
<= 3 58
= 2 170
== 3 58
> 3 58
>= 3 58
117 1
) 2 171
118 1
) 2 172
119 9
( 3 36
; 3 36
id 3 36
if 3 36
num 3 36
return 3 36
while 3 36
{ 3 36
} 3 36
120 13
!= 3 39
( 2 60
* 3 39
+ 3 39
- 3 39
/ 3 39
; 3 39
< 3 39
<= 3 39
== 3 39
> 3 39
>= 3 39
[ 2 173
121 11
!= 3 49
* 2 76
+ 3 49
- 3 49
/ 2 77
; 3 49
< 3 49
<= 3 49
== 3 49
> 3 49
>= 3 49
122 11
!= 3 58
* 3 58
+ 3 58
- 3 58
/ 3 58
; 3 58
< 3 58
<= 3 58
== 3 58
> 3 58
>= 3 58
123 3
( 2 48
id 2 49
num 2 50
124 7
( 2 176
* 3 39
+ 3 39
- 3 39
/ 3 39
; 3 39
[ 2 175
125 5
* 3 60
+ 3 60
- 3 60
/ 3 60
; 3 60
126 3
+ 2 65
- 2 72
; 3 41
127 5
* 3 59
+ 3 59
- 3 59
/ 3 59
; 3 59
128 5
* 3 54
+ 3 54
- 3 54
/ 3 54
; 3 54
129 5
* 2 76
+ 3 50
- 3 50
/ 2 77
; 3 50
130 5
* 3 58
+ 3 58
- 3 58
/ 3 58
; 3 58
131 11
!= 3 53
* 3 53
+ 3 53
- 3 53
/ 3 53
; 3 53
< 3 53
<= 3 53
== 3 53
> 3 53
>= 3 53
132 1
; 3 37
133 1
] 2 179
134 4
# 3 6
int 3 6
void 3 6
{ 3 6
135 2
) 3 13
, 3 13
136 1
] 2 180
137 11
!= 3 57
) 3 57
* 3 57
+ 3 57
- 3 57
/ 3 57
< 3 57
<= 3 57
== 3 57
> 3 57
>= 3 57
138 1
] 2 181
139 1
) 2 182
140 13
!= 3 39
( 2 88
) 3 39
* 3 39
+ 3 39
- 3 39
/ 3 39
< 3 39
<= 3 39
== 3 39
> 3 39
>= 3 39
[ 2 183
141 11
!= 3 49
) 3 49
* 2 76
+ 3 49
- 3 49
/ 2 77
< 3 49
<= 3 49
== 3 49
> 3 49
>= 3 49
142 11
!= 3 58
) 3 58
* 3 58
+ 3 58
- 3 58
/ 3 58
< 3 58
<= 3 58
== 3 58
> 3 58
>= 3 58
143 3
( 2 48
id 2 49
num 2 50
144 7
( 2 186
) 3 39
* 3 39
+ 3 39
- 3 39
/ 3 39
[ 2 185
145 5
) 3 60
* 3 60
+ 3 60
- 3 60
/ 3 60
146 3
) 3 41
+ 2 65
- 2 72
147 5
) 3 59
* 3 59
+ 3 59
- 3 59
/ 3 59
148 5
) 3 54
* 3 54
+ 3 54
- 3 54
/ 3 54
149 5
) 3 50
* 2 76
+ 3 50
- 3 50
/ 2 77
150 5
) 3 58
* 3 58
+ 3 58
- 3 58
/ 3 58
151 11
!= 3 53
) 3 53
* 3 53
+ 3 53
- 3 53
/ 3 53
< 3 53
<= 3 53
== 3 53
> 3 53
>= 3 53
152 1
) 3 37
153 9
( 3 17
; 3 17
id 3 17
if 3 17
num 3 17
return 3 17
while 3 17
{ 3 17
} 3 17
154 1
) 2 189
155 3
( 2 95
id 2 96
num 2 97
156 4
( 2 105
) 3 63
id 2 106
num 2 107
157 3
( 2 95
id 2 192
num 2 97
158 3
( 2 195
id 2 196
num 2 197
159 12
!= 3 40
* 3 40
+ 3 40
- 3 40
/ 3 40
; 3 40
< 3 40
<= 3 40
= 3 40
== 3 40
> 3 40
>= 3 40
160 3
( 2 95
id 2 192
num 2 97
161 3
( 2 95
id 2 96
num 2 97
162 1
) 2 205
163 3
( 2 95
id 2 96
num 2 97
164 4
( 2 105
) 3 63
id 2 106
num 2 107
165 3
( 2 105
id 2 208
num 2 107
166 3
( 2 211
id 2 212
num 2 213
167 3
( 2 105
id 2 106
num 2 107
168 11
!= 3 61
* 3 61
+ 3 61
- 3 61
/ 3 61
; 3 61
< 3 61
<= 3 61
== 3 61
> 3 61
>= 3 61
169 3
( 2 105
id 2 208
num 2 107
170 3
( 2 105
id 2 106
num 2 107
171 8
( 2 19
; 2 223
id 2 23
if 2 224
num 2 25
return 2 226
while 2 225
{ 2 222
172 8
( 2 19
; 2 22
id 2 23
if 2 24
num 2 25
return 2 27
while 2 26
{ 2 20
173 3
( 2 95
id 2 96
num 2 97
174 1
) 2 236
175 3
( 2 95
id 2 96
num 2 97
176 4
( 2 105
) 3 63
id 2 106
num 2 107
177 3
( 2 123
id 2 124
num 2 125
178 3
( 2 123
id 2 124
num 2 125
179 1
; 2 241
180 2
) 3 16
, 3 16
181 12
!= 3 40
) 3 40
* 3 40
+ 3 40
- 3 40
/ 3 40
< 3 40
<= 3 40
= 3 40
== 3 40
> 3 40
>= 3 40
182 11
!= 3 61
) 3 61
* 3 61
+ 3 61
- 3 61
/ 3 61
< 3 61
<= 3 61
== 3 61
> 3 61
>= 3 61
183 3
( 2 95
id 2 96
num 2 97
184 1
) 2 243
185 3
( 2 95
id 2 96
num 2 97
186 4
( 2 105
) 3 63
id 2 106
num 2 107
187 3
( 2 143
id 2 144
num 2 145
188 3
( 2 143
id 2 144
num 2 145
189 11
!= 3 57
* 3 57
+ 3 57
- 3 57
/ 3 57
< 3 57
<= 3 57
== 3 57
> 3 57
>= 3 57
] 3 57
190 1
] 2 248
191 1
) 2 249
192 13
!= 3 39
( 2 156
* 3 39
+ 3 39
- 3 39
/ 3 39
< 3 39
<= 3 39
== 3 39
> 3 39
>= 3 39
[ 2 250
] 3 39
193 11
!= 3 49
* 2 76
+ 3 49
- 3 49
/ 2 77
< 3 49
<= 3 49
== 3 49
> 3 49
>= 3 49
] 3 49
194 11
!= 3 58
* 3 58
+ 3 58
- 3 58
/ 3 58
< 3 58
<= 3 58
== 3 58
> 3 58
>= 3 58
] 3 58
195 3
( 2 48
id 2 49
num 2 50
196 7
( 2 253
* 3 39
+ 3 39
- 3 39
/ 3 39
[ 2 252
] 3 39
197 5
* 3 60
+ 3 60
- 3 60
/ 3 60
] 3 60
198 3
+ 2 65
- 2 72
] 3 41
199 5
* 3 59
+ 3 59
- 3 59
/ 3 59
] 3 59
200 5
* 3 54
+ 3 54
- 3 54
/ 3 54
] 3 54
201 5
* 2 76
+ 3 50
- 3 50
/ 2 77
] 3 50
202 5
* 3 58
+ 3 58
- 3 58
/ 3 58
] 3 58
203 11
!= 3 53
* 3 53
+ 3 53
- 3 53
/ 3 53
< 3 53
<= 3 53
== 3 53
> 3 53
>= 3 53
] 3 53
204 1
] 3 37
205 12
!= 3 57
) 3 57
* 3 57
+ 3 57
, 3 57
- 3 57
/ 3 57
< 3 57
<= 3 57
== 3 57
> 3 57
>= 3 57
206 1
] 2 256
207 1
) 2 257
208 14
!= 3 39
( 2 164
) 3 39
* 3 39
+ 3 39
, 3 39
- 3 39
/ 3 39
< 3 39
<= 3 39
== 3 39
> 3 39
>= 3 39
[ 2 258
209 12
!= 3 49
) 3 49
* 2 76
+ 3 49
, 3 49
- 3 49
/ 2 77
< 3 49
<= 3 49
== 3 49
> 3 49
>= 3 49
210 12
!= 3 58
) 3 58
* 3 58
+ 3 58
, 3 58
- 3 58
/ 3 58
< 3 58
<= 3 58
== 3 58
> 3 58
>= 3 58
211 3
( 2 48
id 2 49
num 2 50
212 8
( 2 261
) 3 39
* 3 39
+ 3 39
, 3 39
- 3 39
/ 3 39
[ 2 260
213 6
) 3 60
* 3 60
+ 3 60
, 3 60
- 3 60
/ 3 60
214 4
) 3 41
+ 2 65
, 3 41
- 2 72
215 6
) 3 59
* 3 59
+ 3 59
, 3 59
- 3 59
/ 3 59
216 6
) 3 54
* 3 54
+ 3 54
, 3 54
- 3 54
/ 3 54
217 6
) 3 50
* 2 76
+ 3 50
, 3 50
- 3 50
/ 2 77
218 6
) 3 58
* 3 58
+ 3 58
, 3 58
- 3 58
/ 3 58
219 2
) 3 64
, 3 64
220 12
!= 3 53
) 3 53
* 3 53
+ 3 53
, 3 53
- 3 53
/ 3 53
< 3 53
<= 3 53
== 3 53
> 3 53
>= 3 53
221 2
) 3 37
, 3 37
222 11
( 3 19
; 3 19
id 3 19
if 3 19
int 3 19
num 3 19
return 3 19
void 3 19
while 3 19
{ 3 19
} 3 19
223 1
else 3 33
224 1
( 2 265
225 1
( 2 266
226 4
( 2 19
; 2 267
id 2 23
num 2 25
227 1
else 3 25
228 1
; 2 269
229 1
else 3 24
230 1
else 3 28
231 1
else 3 26
232 1
else 2 270
233 1
else 3 27
234 9
( 3 34
; 3 34
id 3 34
if 3 34
num 3 34
return 3 34
while 3 34
{ 3 34
} 3 34
235 1
] 2 271
236 5
* 3 57
+ 3 57
- 3 57
/ 3 57
; 3 57
237 1
] 2 272
238 1
) 2 273
239 5
* 2 76
+ 3 49
- 3 49
/ 2 77
; 3 49
240 5
* 3 53
+ 3 53
- 3 53
/ 3 53
; 3 53
241 11
( 3 6
; 3 6
id 3 6
if 3 6
int 3 6
num 3 6
return 3 6
void 3 6
while 3 6
{ 3 6
} 3 6
242 1
] 2 274
243 5
) 3 57
* 3 57
+ 3 57
- 3 57
/ 3 57
244 1
] 2 275
245 1
) 2 276
246 5
) 3 49
* 2 76
+ 3 49
- 3 49
/ 2 77
247 5
) 3 53
* 3 53
+ 3 53
- 3 53
/ 3 53
248 12
!= 3 40
* 3 40
+ 3 40
- 3 40
/ 3 40
< 3 40
<= 3 40
= 3 40
== 3 40
> 3 40
>= 3 40
] 3 40
249 11
!= 3 61
* 3 61
+ 3 61
- 3 61
/ 3 61
< 3 61
<= 3 61
== 3 61
> 3 61
>= 3 61
] 3 61
250 3
( 2 95
id 2 96
num 2 97
251 1
) 2 278
252 3
( 2 95
id 2 96
num 2 97
253 4
( 2 105
) 3 63
id 2 106
num 2 107
254 3
( 2 195
id 2 196
num 2 197
255 3
( 2 195
id 2 196
num 2 197
256 13
!= 3 40
) 3 40
* 3 40
+ 3 40
, 3 40
- 3 40
/ 3 40
< 3 40
<= 3 40
= 3 40
== 3 40
> 3 40
>= 3 40
257 12
!= 3 61
) 3 61
* 3 61
+ 3 61
, 3 61
- 3 61
/ 3 61
< 3 61
<= 3 61
== 3 61
> 3 61
>= 3 61
258 3
( 2 95
id 2 96
num 2 97
259 1
) 2 284
260 3
( 2 95
id 2 96
num 2 97
261 4
( 2 105
) 3 63
id 2 106
num 2 107
262 3
( 2 211
id 2 212
num 2 213
263 3
( 2 211
id 2 212
num 2 213
264 11
( 3 21
; 3 21
id 3 21
if 3 21
int 2 2
num 3 21
return 3 21
void 2 3
while 3 21
{ 3 21
} 3 21
265 3
( 2 48
id 2 49
num 2 50
266 3
( 2 48
id 2 49
num 2 50
267 1
else 3 35
268 1
; 2 292
269 1
else 3 32
270 8
( 2 19
; 2 22
id 2 23
if 2 24
num 2 25
return 2 27
while 2 26
{ 2 20
271 11
!= 3 40
* 3 40
+ 3 40
- 3 40
/ 3 40
; 3 40
< 3 40
<= 3 40
== 3 40
> 3 40
>= 3 40
272 5
* 3 40
+ 3 40
- 3 40
/ 3 40
; 3 40
273 5
* 3 61
+ 3 61
- 3 61
/ 3 61
; 3 61
274 11
!= 3 40
) 3 40
* 3 40
+ 3 40
- 3 40
/ 3 40
< 3 40
<= 3 40
== 3 40
> 3 40
>= 3 40
275 5
) 3 40
* 3 40
+ 3 40
- 3 40
/ 3 40
276 5
) 3 61
* 3 61
+ 3 61
- 3 61
/ 3 61
277 1
] 2 294
278 5
* 3 57
+ 3 57
- 3 57
/ 3 57
] 3 57
279 1
] 2 295
280 1
) 2 296
281 5
* 2 76
+ 3 49
- 3 49
/ 2 77
] 3 49
282 5
* 3 53
+ 3 53
- 3 53
/ 3 53
] 3 53
283 1
] 2 297
284 6
) 3 57
* 3 57
+ 3 57
, 3 57
- 3 57
/ 3 57
285 1
] 2 298
286 1
) 2 299
287 6
) 3 49
* 2 76
+ 3 49
, 3 49
- 3 49
/ 2 77
288 6
) 3 53
* 3 53
+ 3 53
, 3 53
- 3 53
/ 3 53
289 9
( 2 19
; 2 22
id 2 23
if 2 24
num 2 25
return 2 27
while 2 26
{ 2 20
} 2 300
290 1
) 2 301
291 1
) 2 302
292 1
else 3 36
293 9
( 3 29
; 3 29
id 3 29
if 3 29
num 3 29
return 3 29
while 3 29
{ 3 29
} 3 29
294 11
!= 3 40
* 3 40
+ 3 40
- 3 40
/ 3 40
< 3 40
<= 3 40
== 3 40
> 3 40
>= 3 40
] 3 40
295 5
* 3 40
+ 3 40
- 3 40
/ 3 40
] 3 40
296 5
* 3 61
+ 3 61
- 3 61
/ 3 61
] 3 61
297 12
!= 3 40
) 3 40
* 3 40
+ 3 40
, 3 40
- 3 40
/ 3 40
< 3 40
<= 3 40
== 3 40
> 3 40
>= 3 40
298 6
) 3 40
* 3 40
+ 3 40
, 3 40
- 3 40
/ 3 40
299 6
) 3 61
* 3 61
+ 3 61
, 3 61
- 3 61
/ 3 61
300 1
else 3 17
301 8
( 2 19
; 2 223
id 2 23
if 2 224
num 2 25
return 2 226
while 2 225
{ 2 222
302 8
( 2 19
; 2 223
id 2 23
if 2 224
num 2 25
return 2 226
while 2 225
{ 2 222
303 1
else 2 305
304 1
else 3 34
305 8
( 2 19
; 2 223
id 2 23
if 2 224
num 2 25
return 2 226
while 2 225
{ 2 222
306 1
else 3 29
